[-2.132592011652949, -1.966093127343745, -1.705851982639729, -1.6489084871818354, -1.633557776256893, -1.6018124975086518, -1.312898930589055, -1.2592812150771768, -1.0587954814253406, -1.041341708632018, -1.
0173218730704683, -1.0096540934923344, -0.9753813146114539, -0.9327522475913073, -0.9224805441533521, -0.868352037541777, -0.8600111694437517, -0.8473137380639659, -0.8446710039648534, -0.8164155813884266, -0
.793062372182935, -0.768723220273645, -0.7362962892540856, -0.7180677894422407, -0.6894433602382327, -0.6366265892070395, -0.6312244803849891, -0.5973375965594171, -0.5184139794074311, -0.5097571609991659, -0
.5007069545926393, -0.47916572135665947, -0.4545595717798956, -0.4179676160437389, -0.40824659571470373, -0.3839185795777308, -0.3747175021249402, -0.36644346550046303, -0.3386312704410344, -0.318025772226127
4, -0.2953020079756572, -0.2945683313997868, -0.25497652036789287, -0.23446250134612398, -0.21548057029302062, -0.18311487712157232, -0.1623436589799231, -0.09535988445734353, -0.07503975308052147, -0.0067175
7234110994, 0.00035259049335300906, 0.06653010280374579, 0.08585182268296354, 0.12162677890776129, 0.16205565138386838, 0.2632762180378265, 0.26979778929516146, 0.2720858986058303, 0.2916222852231811, 0.30631
859725030885, 0.3165882200833447, 0.34741833134950867, 0.36687908757677784, 0.3941713384584126, 0.44540816095273544, 0.5426352014084617, 0.5593863738169571, 0.5843093384345064, 0.6222504883305173, 0.624143027
176895, 0.6990016850007367, 0.731771862255613, 0.7390001236720573, 0.8020156958544232, 0.8273501784325406, 0.8414118165850836, 0.842745386796765, 0.8808743284242339, 0.9161122573035703, 0.928433954397543, 0.9
763370171164047, 0.9792735457821558, 1.0217711189394205, 1.1386017057516866, 1.1540882090886264, 1.1631115163396022, 1.1860284338929619, 1.2056286107108891, 1.2777431343676338, 1.2892974907379846, 1.468645668
0256714, 1.5514321691119257, 1.758645787349546, 2.0481222193724524, 2.7223989840826364]

[-2.1884817488671926, -2.090697153814873, -1.9362941293947697, -1.8179271063137552, -1.7108939382040413, -1.571558316981
3363, -1.5570141137542268, -1.4477481315854432, -1.4303568861329818, -1.429653849318395, -1.39247415524014, -1.0820786857477775, -1.0644944931995626, -1.0185638146612102, -1.0051759883481013, -0.9813795144822
437, -0.95940085604901, -0.9002114889789665, -0.8984531381480885, -0.8701279035917149, -0.8174819013779806, -0.7393094190663789, -0.7342887536177524, -0.7196633003127374, -0.7194664480478022, -0.6124464843411
739, -0.5999016533145729, -0.5337078964017057, -0.5089312247092799, -0.5064828952762161, -0.5033728983528793, -0.49562727278386987, -0.4703335905886772, -0.43598255783561823, -0.4356360857317382, -0.432752423
13509305, -0.41126402127585976, -0.36095680989486423, -0.3466560294358025, -0.297768373328801, -0.27057875784405633, -0.24704861024223468, -0.19274668794339309, -0.1887478587704687, -0.18545901318098573, -0.1
601556176179358, -0.15405881032173765, -0.12523087631763352, -0.06997878767290501, -0.06866512216956304, -0.06545193888076817, -0.057451555227515536, -0.03455436867255356, 0.03334326003027949, 0.0554509845658
4093, 0.0633588116343209, 0.08794434432578023, 0.11277467766965983, 0.12247509928501467, 0.15435796629640516, 0.17304699123251913, 0.1732172885886526, 0.19582894957273614, 0.23486056610385636, 0.2811528219483
5334, 0.2816554547437631, 0.30110932461620465, 0.3064705782999666, 0.3302322488429805, 0.3307743088910439, 0.3607235895614695, 0.41569133967059385, 0.4182283378863301, 0.5164028347098129, 0.5444872533198274, 
0.5466346697784329, 0.6275008911143655, 0.699823226433339, 0.7007092294214086, 0.7390001236720573, 0.7534317872491154, 0.7622578687755709, 0.7966389550175664, 0.855466693754644, 0.8865758374227148, 0.93328240
8847289, 1.0093196420714339, 1.0806794899580328, 1.1057217284093857, 1.1099230517561987, 1.1307693414455433, 1.2541146534904455, 1.5453527407308223, 1.6027625757222315, 2.0478702977309107]
